PAGE 1
LEPTOSPIROSIS CASES IN ANTIPOLO, RIZAL PER MORBIDITY WEEK (2016 - 2025)
0 2016 2017 2018 2019 2020 2021 2022 2023 2024 2025
1 0 0 0 1 0 0 1 0 0 0
2 0 0 0 0 0 0 0 0 1 1
3 0 0 0 0 0 0 0 1 1 1
4 0 0 0 1 0 0 0 0 0 1
5 0 0 0 0 0 0 0 0 0 0
6 0 0 0 0 0 0 0 0 1 0
7 0 0 0 0 0 0 0 1 1 0
8 0 0 0 3 0 0 0 0 0 1
9 0 0 0 1 0 0 0 0 0 0
10 0 0 0 0 0 0 0 0 0 0
11 0 0 0 0 0 1 0 0 0 0
12 0 0 0 0 0 0 0 1 0 0
13 0 0 1 0 0 0 0 1 1 0
14 0 0 0 0 0 0 0 0 0 0
15 0 0 0 0 0 0 0 0 0 1
16 0 0 0 0 0 0 0 0 1 1
17 0 0 0 0 0 0 0 1 0 3
18 0 0 0 0 0 0 0 0 0 0
19 0 0 0 0 0 0 0 2 0 1
20 0 0 0 0 0 0 0 0 0 2
21 0 0 0 0 0 0 0 0 1 1
22 0 0 0 0 0 0 0 0 0 1
23 0 0 0 0 0 0 0 1 1 2
24 0 0 0 0 0 0 0 1 0 1
25 0 0 0 0 0 0 0 1 2 1
26 0 1 0 0 0 0 0 1 1 1
27 0 0 0 0 0 0 2 2 3 4
28 0 0 0 0 0 0 0 4 3 4
29 0 0 2 0 0 0 0 7 0 4
30 0 0 0 0 0 0 1 10 7 15
31 0 1 1 0 0 2 1 6 10 19
32 0 0 1 0 0 0 1 15 5 20
33 1 0 0 0 0 0 1 7 4 3
34 0 0 2 0 0 0 1 5 2 1
35 0 1 2 0 0 0 1 3 6 3
36 0 0 0 0 0 0 0 5 4 2
37 0 0 1 0 0 0 0 10 11 1
38 0 0 0 0 0 0 1 4 9 4
39 0 0 1 0 1 0 1 7 2 5
40 0 0 1 0 1 0 0 8 2 1
41 0 0 0 0 0 0 1 5 0 2
42 0 1 1 0 0 0 0 5 1 0
43 0 0 0 0 0 0 1 1 1 1
44 1 0 0 0 0 0 0 1 1 1
45 0 0 0 0 0 0 1 0 1 1
46 0 0 0 0 0 0 0 3 2 0
47 0 0 0 0 0 0 0 2 0 0
48 0 0 0 0 2 0 1 1 0 0
49 0 0 0 0 1 0 1 1 2 1
50 0 0 0 0 0 0 0 0 0 0
51 0 0 0 0 0 0 0 1 0 0
52 0 0 1 0 0 0 0 0 0 0
53 0 0 0 0 0 0 0 0 0 0